-0.000018
-0.000019
-0.000023
-0.000031
-0.000047
-0.000077
-0.000141
-0.000275
-0.000565
-0.001238
-0.002755
-0.005107
-0.010989
-0.046737
-0.088666
0.196095
0.845479
0.292632
-2.785084
-6.621873
1.000000
0.000003
0.000003
0.000004
0.000005
0.000008
0.000013
0.000023
0.000046
0.000094
0.000191
0.000461
0.001232
0.000987
-0.002293
0.030186
0.147394
0.057718
-0.766321
-2.054897
-2.927936
1.000000
-0.000047
-0.000050
-0.000060
-0.000081
-0.000122
-0.000202
-0.000368
-0.000718
-0.001482
-0.003178
-0.006948
-0.015191
-0.032580
-0.067265
-0.131329
-0.238503
-0.397023
-0.598240
-0.807770
-0.931137
1.000000
0.000018
0.000019
0.000023
0.000031
0.000047
0.000078
0.000141
0.000276
0.000568
0.001221
0.002715
0.005755
0.011234
0.029007
0.079150
0.076568
-0.188229
-0.504555
-0.215393
0.620963
1.000000
-0.000003
-0.000003
-0.000004
-0.000005
-0.000008
-0.000013
-0.000023
-0.000045
-0.000094
-0.000198
-0.000433
-0.001060
-0.002124
-0.001516
-0.006274
-0.056448
-0.131128
-0.021175
0.389999
0.848513
1.000000
0.000047
0.000050
0.000060
0.000081
0.000122
0.000202
0.000368
0.000718
0.001481
0.003177
0.006947
0.015189
0.032576
0.067257
0.131313
0.238474
0.396975
0.598167
0.807673
0.969434
1.000000
-0.000975
-0.001043
-0.001265
-0.001701
-0.002452
-0.003642
-0.005309
-0.007031
-0.007002
-0.000168
0.024514
0.086148
0.209246
0.411411
0.682036
0.966215
1.177220
1.245825
1.176402
1.056891
1.000000
0.001077
0.001131
0.001301
0.001607
0.002060
0.002596
0.002889
0.001912
-0.002931
-0.017112
-0.050043
-0.113766
-0.215900
-0.345286
-0.456868
-0.473043
-0.317725
0.025173
0.470204
0.850314
1.000000
0.000176
0.000188
0.000225
0.000304
0.000458
0.000763
0.001386
0.002706
0.005586
0.011970
0.026193
0.057497
0.122179
0.247185
0.506239
1.013392
1.605648
1.755656
1.399832
1.078270
1.000000
-0.000176
-0.000188
-0.000225
-0.000304
-0.000458
-0.000763
-0.001386
-0.002706
-0.005582
-0.011960
-0.026303
-0.057620
-0.118622
-0.246589
-0.583730
-1.119669
-0.984642
0.475872
1.760729
1.501640
1.000000
0.000029
0.000031
0.000037
0.000050
0.000075
0.000126
0.000228
0.000445
0.000920
0.001974
0.004294
0.009401
0.020760
0.041947
0.069554
0.129535
0.337452
0.717373
1.010991
1.043645
1.000000
-0.000029
-0.000031
-0.000037
-0.000050
-0.000075
-0.000126
-0.000228
-0.000445
-0.000921
-0.001970
-0.004259
-0.009592
-0.021566
-0.036151
-0.050589
-0.198821
-0.683165
-1.101404
-0.653808
0.434674
1.000000
0.000955
0.000984
0.001066
0.001178
0.001238
0.001007
-0.000135
-0.003606
-0.012252
-0.030818
-0.065117
-0.117618
-0.177451
-0.207026
-0.136255
0.118952
0.608147
1.290912
2.018580
2.579880
2.791089
0.000000
0.000000
-0.000000
0.000000
0.000000
0.000000
0.000001
0.000002
0.000005
0.000010
0.000022
0.000028
0.000155
0.000737
-0.000528
-0.008868
-0.008062
0.043866
0.139487
0.212158
-9.056916
-0.000000
-0.000000
-0.000000
-0.000000
-0.000000
-0.000000
-0.000000
-0.000000
-0.000001
-0.000002
-0.000005
-0.000010
0.000029
-0.000019
-0.001100
-0.001716
0.007651
0.029533
0.043237
0.033550
-4.141093
0.000001
0.000001
0.000001
0.000001
0.000002
0.000003
0.000006
0.000011
0.000023
0.000049
0.000108
0.000237
0.000507
0.001047
0.002045
0.003714
0.006183
0.009316
0.012578
-0.023909
-2.015451