-0.000018
-0.000019
-0.000020
-0.000023
-0.000028
-0.000035
-0.000047
-0.000065
-0.000094
-0.000141
-0.000220
-0.000348
-0.000565
-0.000947
-0.001627
-0.002755
-0.004271
-0.006114
-0.010989
-0.029132
-0.068462
-0.088666
0.037434
0.413542
0.845479
0.744145
-0.473016
-2.785084
-5.464420
-7.155281
1.000000
0.000003
0.000003
0.000003
0.000004
0.000005
0.000006
0.000008
0.000011
0.000015
0.000023
0.000036
0.000058
0.000094
0.000150
0.000248
0.000461
0.000921
0.001488
0.000987
-0.001654
0.000371
0.030186
0.105456
0.170240
0.057718
-0.401998
-1.189252
-2.054897
-2.718210
-2.886284
1.000000
-0.000047
-0.000048
-0.000052
-0.000060
-0.000072
-0.000091
-0.000122
-0.000169
-0.000245
-0.000368
-0.000570
-0.000909
-0.001482
-0.002456
-0.004119
-0.006948
-0.011718
-0.019651
-0.032580
-0.053109
-0.084667
-0.131329
-0.197251
-0.285600
-0.397023
-0.527987
-0.669613
-0.807770
-0.923175
-0.653960
1.000000
0.000018
0.000018
0.000020
0.000023
0.000028
0.000035
0.000047
0.000065
0.000094
0.000141
0.000219
0.000349
0.000568
0.000941
0.001591
0.002715
0.004540
0.007192
0.011234
0.020170
0.042217
0.079150
0.097544
0.022522
-0.188229
-0.436135
-0.498100
-0.215393
0.333039
0.859589
1.000000
-0.000003
-0.000003
-0.000003
-0.000004
-0.000005
-0.000006
-0.000008
-0.000011
-0.000015
-0.000023
-0.000036
-0.000058
-0.000094
-0.000155
-0.000255
-0.000433
-0.000781
-0.001413
-0.002124
-0.002018
-0.001199
-0.006274
-0.032344
-0.085508
-0.131128
-0.092993
0.088198
0.389999
0.713710
0.949518
1.000000
0.000047
0.000048
0.000052
0.000060
0.000072
0.000091
0.000122
0.000169
0.000245
0.000368
0.000570
0.000909
0.001481
0.002456
0.004119
0.006947
0.011717
0.019648
0.032576
0.053103
0.084656
0.131313
0.197227
0.285566
0.396975
0.527923
0.669532
0.807673
0.924820
0.998313
1.000000
-0.000975
-0.001004
-0.001098
-0.001265
-0.001527
-0.001910
-0.002452
-0.003190
-0.004151
-0.005309
-0.006518
-0.007375
-0.007002
-0.003728
0.005304
0.024514
0.060010
0.119159
0.209246
0.335062
0.495765
0.682036
0.875093
1.049075
1.177220
1.240437
1.235102
1.176402
1.094849
1.026453
1.000000
0.001077
0.001101
0.001174
0.001301
0.001489
0.001742
0.002060
0.002419
0.002751
0.002889
0.002494
0.000924
-0.002931
-0.010851
-0.025429
-0.050043
-0.088412
-0.143539
-0.215900
-0.301110
-0.387791
-0.456868
-0.483585
-0.442935
-0.317725
-0.106888
0.169332
0.470204
0.742226
0.931941
1.000000
0.000176
0.000181
0.000197
0.000225
0.000272
0.000345
0.000458
0.000637
0.000923
0.001386
0.002150
0.003427
0.005586
0.009256
0.015515
0.026193
0.044304
0.074346
0.122179
0.195963
0.312477
0.506239
0.816017
1.224987
1.605648
1.777862
1.670292
1.399832
1.155712
1.030963
1.000000
-0.000176
-0.000181
-0.000197
-0.000225
-0.000272
-0.000345
-0.000458
-0.000637
-0.000923
-0.001386
-0.002150
-0.003427
-0.005582
-0.009246
-0.015517
-0.026303
-0.044560
-0.073912
-0.118622
-0.190403
-0.326013
-0.583730
-0.952833
-1.213028
-0.984642
-0.106178
1.038038
1.760729
1.722705
1.254086
1.000000
0.000029
0.000030
0.000032
0.000037
0.000045
0.000057
0.000075
0.000105
0.000152
0.000228
0.000354
0.000564
0.000920
0.001526
0.002556
0.004294
0.007229
0.012251
0.020760
0.033870
0.050617
0.069554
0.100226
0.175835
0.337452
0.583547
0.840789
1.010991
1.055420
1.023741
1.000000
-0.000029
-0.000030
-0.000032
-0.000037
-0.000045
-0.000057
-0.000075
-0.000105
-0.000152
-0.000228
-0.000354
-0.000564
-0.000921
-0.001526
-0.002543
-0.004259
-0.007266
-0.012700
-0.021566
-0.032024
-0.039103
-0.050589
-0.117369
-0.323667
-0.683165
-1.026812
-1.068748
-0.653808
0.069528
0.736020
1.000000
0.000955
0.000968
0.001006
0.001066
0.001140
0.001211
0.001238
0.001143
0.000776
-0.000135
-0.002051
-0.005719
-0.012252
-0.023163
-0.040242
-0.065117
-0.098344
-0.137933
-0.177451
-0.204252
-0.198803
-0.136255
0.008948
0.255738
0.608147
1.048991
1.538391
2.018580
2.424241
2.695643
2.791089
0.000000
0.000000
0.000000
-0.000000
0.000000
-0.000000
0.000000
0.000001
0.000001
0.000001
0.000003
0.000003
0.000005
0.000009
0.000014
0.000022
0.000026
0.000041
0.000155
0.000555
0.000820
-0.000528
-0.005468
-0.011728
-0.008062
0.019201
0.073851
0.139487
0.198856
-0.145409
-9.056916
-0.000000
-0.000000
-0.000000
-0.000000
-0.000000
-0.000000
-0.000000
-0.000000
-0.000000
-0.000000
-0.000000
-0.000001
-0.000001
-0.000001
-0.000002
-0.000005
-0.000010
-0.000006
0.000029
0.000050
-0.000211
-0.001100
-0.002015
-0.000266
0.007651
0.021786
0.036312
0.043237
0.041055
-0.150904
-4.141093
0.000001
0.000001
0.000001
0.000001
0.000001
0.000001
0.000002
0.000003
0.000004
0.000006
0.000009
0.000014
0.000023
0.000038
0.000064
0.000108
0.000182
0.000306
0.000507
0.000827
0.001318
0.002045
0.003072
0.004447
0.006183
0.008222
0.010427
0.012578
0.012619
-0.334248
-2.015451