-0.0559999 0.139013 0.10744 0.132105 -0.00776048 -0.226809 -0.172604 -0.204464 -0.21966 -0.0726504 0.0742965 -0.201325 -0.278722 -0.18328 -0.0976046 -0.158095 -0.0989177 -0.184935 -0.268256 -0.224523 -0.358871 -0.294177 -0.37759 -0.318759 -0.209728 -0.165338 -0.110164 -0.034537 0.181393 0.230932 0.199108 0.209505 0.157705 0.141956 0.186393 0.204472 0.151316 0.0259025 -0.0257392 -0.0114722 -0.00102237 
0.00508349 0.101354 0.0768048 0.114188 0.0855611 -0.0634876 -0.0342251 -0.0164266 -0.0717153 -0.00620703 0.0969844 -0.0969705 -0.218329 -0.164094 -0.0803454 -0.102983 -0.0369573 -0.0492896 -0.0943641 -0.0167241 -0.0692815 0.00864133 0.0058908 0.0509366 0.169107 0.199078 0.221962 0.208997 0.30089 0.284908 0.189637 0.176316 0.174245 0.215282 0.227453 0.160197 0.0519205 -0.000818745 0.0131866 0.0191967 0.0222579 
-0.0436312 -0.00868633 -0.0236387 0.0174762 0.019441 -0.000608375 0.00433428 0.0460811 0.0450564 0.097308 0.144273 0.076919 -0.0120312 -0.0106937 0.0231717 0.0310973 0.0737957 0.0964774 0.101391 0.156507 0.171398 0.216993 0.244513 0.259543 0.316968 0.311431 0.298732 0.249824 0.258257 0.228296 0.187988 0.178924 0.187902 0.169862 0.123315 0.0452275 0.00564815 -0.00583311 0.00598888 -0.00421354 -0.00551179 
0.0040591 0.0040116 0.00367055 0.00328206 0.00276335 0.00379317 0.00543367 0.00720955 0.00956504 0.0116036 0.0111369 0.0118731 0.0160441 0.0198455 0.0221109 0.0242923 0.0268885 0.0290507 0.0339654 0.0383996 0.0442739 0.0507774 0.0570959 0.0642622 0.0690086 0.0725571 0.0749109 0.0763932 0.075207 0.0717392 0.0687072 0.0659602 0.0636733 0.0621288 0.0605603 0.0589288 0.0576532 0.0571654 0.0571936 0.0572422 0.0572471 
0.0148103 0.0147613 0.0145287 0.0142145 0.0135589 0.0135749 0.0140488 0.0142178 0.0146874 0.0153851 0.0145074 0.0143041 0.0170478 0.0203066 0.0222944 0.0238557 0.0253378 0.025784 0.0275053 0.028437 0.0292768 0.0300455 0.0296537 0.0294425 0.0272106 0.0238059 0.0199676 0.0163563 0.0122775 0.00749489 0.00414889 0.00175413 -0.000354934 -0.00244419 -0.00463017 -0.00627786 -0.00701269 -0.00711156 -0.00712785 -0.00716679 -0.00718251 
0.10427 0.104286 0.104319 0.104347 0.104206 0.104166 0.104166 0.10393 0.103392 0.102633 0.10088 0.0992085 0.0987551 0.0991002 0.0989175 0.0984736 0.0975272 0.0958501 0.0939916 0.0915179 0.0882101 0.0845335 0.0798675 0.0751714 0.0696311 0.0638296 0.0583164 0.0536575 0.0495447 0.0457186 0.0427442 0.0403406 0.0380978 0.0361247 0.0346754 0.0339807 0.0338253 0.0338387 0.0338381 0.0338324 0.0338367 
0.0449839 0.0449322 0.0447741 0.0445144 0.0441451 0.0436665 0.0430901 0.0424246 0.0416599 0.040814 0.0398778 0.0388208 0.0376576 0.0364218 0.0351169 0.0337285 0.0322752 0.0307479 0.0291518 0.0275094 0.0258133 0.0240851 0.0223321 0.0205701 0.0188298 0.0171122 0.0154369 0.0138276 0.0123097 0.0108876 0.00955376 0.00832885 0.0072036 0.0061871 0.00528872 0.00452642 0.00390368 0.00341723 0.00306443 0.00285063 0.00277923 
0.0655899 0.0681549 0.0680604 0.068236 0.0701068 0.0705555 0.0695588 0.0696665 0.0701546 0.0693163 0.0716882 0.0747021 0.0758336 0.075642 0.0770339 0.078479 0.0795806 0.082119 0.0834621 0.0853157 0.0874244 0.0888791 0.090951 0.0918349 0.0925855 0.0938247 0.0940254 0.0937135 0.0922787 0.0925314 0.0921905 0.0920617 0.093005 0.0934982 0.0934819 0.0920208 0.0913569 0.091528 0.0926693 0.0925727 0.0928194 
-0.00436223 -0.00432726 -0.00422246 -0.00404808 -0.00380469 -0.00349317 -0.00311398 -0.00266682 -0.00215035 -0.00156161 -0.000897146 -0.000156298 0.000663614 0.00157249 0.00258171 0.00369977 0.00493461 0.00629412 0.00778528 0.00942066 0.0112113 0.0131692 0.0153047 0.0176231 0.0201243 0.0227947 0.0256091 0.0285328 0.0315229 0.0345271 0.0374878 0.0403493 0.0430595 0.0455703 0.0478384 0.0498253 0.0514975 0.0528272 0.0537927 0.0543784 0.0545747 
-0.0453498 -0.0453804 -0.0454671 -0.0455981 -0.0457527 -0.0459627 -0.0463383 -0.0469303 -0.047826 -0.0491058 -0.0506152 -0.0521921 -0.0542892 -0.0571834 -0.0607299 -0.0647693 -0.0694115 -0.074569 -0.0804933 -0.0874297 -0.0953371 -0.104507 -0.114792 -0.126271 -0.138654 -0.151454 -0.164363 -0.177091 -0.189276 -0.200397 -0.210321 -0.219125 -0.226845 -0.233573 -0.239349 -0.244167 -0.24805 -0.251048 -0.253195 -0.25449 -0.254923 
-0.126308 -0.126285 -0.126218 -0.126108 -0.125958 -0.125772 -0.125556 -0.125315 -0.125057 -0.12479 -0.124523 -0.124262 -0.124016 -0.123798 -0.123627 -0.123518 -0.123482 -0.123533 -0.123678 -0.123927 -0.124284 -0.124752 -0.125329 -0.126007 -0.126777 -0.127618 -0.128507 -0.129421 -0.130335 -0.131228 -0.13208 -0.132874 -0.133602 -0.134255 -0.134826 -0.135313 -0.135712 -0.136023 -0.136245 -0.136378 -0.136423 
-0.0294736 -0.0293617 -0.0290304 -0.0284899 -0.0277648 -0.0268664 -0.0257509 -0.0244197 -0.0228792 -0.0210786 -0.0191086 -0.0171063 -0.0147591 -0.0117564 -0.00815647 -0.00412864 0.000334964 0.00506849 0.0100856 0.0154616 0.0209947 0.0267291 0.0324351 0.0380293 0.0433151 0.047931 0.0517652 0.0548124 0.057126 0.0586179 0.0594243 0.0598085 0.0598915 0.0597459 0.0594141 0.0589706 0.0585236 0.0581532 0.0578859 0.0577241 0.0576699 
